N	27	0	180	0
C	30	100	100	100
O	26	0	0	180
H	14	250	250	0
Be	35	20	0	180
B	34	40	0	160
F	25	60	0	140
Na	61	80	0	120
Mg	53	100	0	100
Al	49	120	0	80
Si	46	140	0	60
P	43	160	0	40
S	41	180	0	20
Cl	39	200	0	0
K	79	180	20	0
Ca	68	160	40	0
Sc	56	140	60	0
Ti	51	120	80	0
V	48	100	100	0
Cr	46	80	120	0
Mn	46	60	140	0
Fe	46	40	160	0
Co	45	20	180	0
Ni	45	0	200	0
Cu	46	0	180	20
Zn	49	0	160	40
Ga	49	0	140	60
Ge	48	0	120	80
As	47	0	100	100
Se	46	0	80	120
Br	44	0	60	140
Rb	84	0	40	160
Ba	77	0	20	180
Ru	49	0	230	0
