N	603	317	666
C	578	274	632
C	521	287	616
O	488	303	649
C	580	220	660
C	534	184	643
C	633	193	648
N	510	282	564
C	458	291	544
C	427	238	550
O	443	197	528
C	462	308	486
C	485	363	474
C	484	373	413
C	450	405	501
N	383	240	580
C	350	192	588
C	330	172	534
O	333	200	494
C	303	207	624
O	271	246	599
N	310	122	531
C	291	104	479
C	240	132	460
O	229	135	412
C	283	44	488
C	324	30	529
C	318	77	568
N	210	153	498
C	161	181	484
C	176	237	463
O	142	267	444
C	123	185	533
N	227	252	470
C	247	303	451
C	262	298	393
O	243	329	359
C	295	321	484
C	280	344	538
O	236	366	543
O	313	340	576
N	297	260	380
C	316	252	326
C	271	250	285
O	275	276	242
C	351	202	324
C	398	205	363
C	429	154	365
C	488	163	356
N	521	113	358
N	229	221	298
C	183	215	264
C	151	268	260
O	123	277	220
C	148	170	284
O	129	183	337
C	181	121	288
N	155	302	302
C	128	354	301
C	159	390	263
O	137	408	222
C	123	378	356
C	72	361	384
O	30	357	359
N	75	350	435
N	211	395	273
C	246	428	239
C	241	412	180
O	235	446	145
C	306	423	257
C	341	457	221
C	312	440	316
N	242	360	171
C	238	339	116
C	188	356	85
O	192	373	38
C	243	278	118
C	300	258	124
C	301	199	135
C	356	176	128
N	366	163	71
N	141	352	110
C	90	367	86
C	86	427	75
O	59	445	38
C	46	349	121
N	110	458	112
C	110	516	110
C	141	535	62
O	121	567	30
C	133	538	161
