Ru	178	104	144
H	216	122	199
P	120	159	132
P	260	122	123
C	152	55	182
H	161	53	224
C	191	44	153
H	234	30	169
C	161	51	100
H	178	45	68
C	104	67	96
H	70	76	61
C	99	70	147
H	60	81	157
C	134	190	78
H	106	214	78
H	180	199	82
H	116	175	42
C	51	157	120
H	32	185	117
H	30	142	85
H	42	143	152
C	154	192	185
H	126	217	176
H	148	179	219
H	201	200	193
C	254	136	57
H	299	140	52
H	230	115	30
H	230	162	48
C	317	85	129
H	355	95	118
H	332	75	168
H	296	62	104
C	307	158	161
H	345	165	147
H	280	182	160
H	324	149	201
